income
107034.0
144360.0
112285.0
118216.0
144360.0
144360.0
144360.0
18256.0
15058.0
112285.0
154408.0
105869.0
261015.0
152465.0
154408.0
228808.0
154408.0
261015.0
108226.0
118216.0
40457.0
40457.0
40457.0
68114.0
42830.0
162089.0
152465.0
112285.0
17740.0
17740.0
118216.0
107034.0
107034.0
154408.0
108226.0
118603.0
84717.0
84717.0
112285.0
107034.0
107034.0
107034.0
112285.0
156543.0
46852.0
46852.0
46852.0
46852.0
48748.0
48748.0
107034.0
107034.0
107034.0
107034.0
107034.0
107034.0
108226.0
91111.0
91111.0
91111.0
91111.0
91111.0
91111.0
91111.0
91111.0
91111.0
91111.0
91111.0
91111.0
0.0
249999.0
249999.0
249999.0
249999.0
249999.0
249999.0
249999.0
154079.0
154079.0
154079.0
133233.0
133233.0
133233.0
133233.0
154079.0
154079.0
154079.0
154079.0
154079.0
133233.0
154079.0
133233.0
154079.0
154079.0
154079.0
154079.0
75593.0
75593.0
75593.0
72632.0
133233.0
72632.0
154079.0
154079.0
72632.0
72632.0
249999.0
133233.0
249999.0
154079.0
249999.0
133233.0
133233.0
133233.0
133233.0
154079.0
133233.0
249999.0
154079.0
249999.0
154079.0
133233.0
249999.0
72632.0
154079.0
249999.0
154079.0
154079.0
93262.0
93262.0
93262.0
93262.0
84717.0
84717.0
93262.0
93262.0
84717.0
84717.0
84717.0
84717.0
93262.0
84717.0
84717.0
84717.0
84717.0
84717.0
84717.0
84717.0
84717.0
84717.0
84717.0
93262.0
84717.0
93262.0
84717.0
93262.0
93262.0
93262.0
93262.0
93262.0
93262.0
93262.0
93262.0
84717.0
93262.0
93262.0
93262.0
93262.0
84717.0
93262.0
93262.0
84717.0
93262.0
93262.0
93262.0
93262.0
93262.0
93262.0
93262.0
93262.0
93262.0
93262.0
93262.0
93262.0
93262.0
93262.0
93262.0
93262.0
84717.0
172933.0
172933.0
172933.0
150782.0
172933.0
172933.0
172933.0
172933.0
150782.0
150782.0
150782.0
150782.0
172933.0
172933.0
150782.0
172933.0
172933.0
172933.0
150782.0
150782.0
150782.0
150782.0
150782.0
150782.0
150782.0
150782.0
172933.0
150782.0
172933.0
150782.0
172933.0
150782.0
150782.0
117733.0
24170.0
24170.0
18009.0
24170.0
18009.0
24170.0
18009.0
18009.0
18009.0
18009.0
18009.0
18009.0
18009.0
18009.0
18009.0
24170.0
24170.0
24170.0
24170.0
24170.0
18009.0
24170.0
18009.0
150782.0
91111.0
150782.0
150782.0
150782.0
150782.0
150782.0
91111.0
150782.0
91111.0
150782.0
150782.0
150782.0
91111.0
150782.0
150782.0
150782.0
150782.0
91111.0
150782.0
150782.0
150782.0
150782.0
91111.0
150782.0
150782.0
150782.0
150782.0
91111.0
150782.0
91111.0
150782.0
150782.0
150782.0
91111.0
91111.0
150782.0
150782.0
91111.0
150782.0
150782.0
150782.0
150782.0
150782.0
91111.0
150782.0
91111.0
150782.0
91111.0
93262.0
91111.0
150782.0
91111.0
150782.0
93262.0
150782.0
91111.0
93262.0
150782.0
91111.0
93262.0
93262.0
93262.0
91111.0
93262.0
93262.0
93262.0
93262.0
150782.0
91111.0
93262.0
93262.0
93262.0
150782.0
91111.0
93262.0
93262.0
93262.0
93262.0
93262.0
93262.0
150782.0
93262.0
93262.0
150782.0
150782.0
93262.0
93262.0
93262.0
93262.0
93262.0
93262.0
91111.0
93262.0
93262.0
93262.0
91111.0
150782.0
91111.0
93262.0
91111.0
93262.0
91111.0
93262.0
91111.0
93262.0
91111.0
150782.0
91111.0
91111.0
93262.0
91111.0
150782.0
91111.0
91111.0
93262.0
93262.0
91111.0
150782.0
150782.0
91111.0
91111.0
91111.0
91111.0
93262.0
93262.0
91111.0
150782.0
91111.0
91111.0
91111.0
150782.0
91111.0
93262.0
150782.0
91111.0
91111.0
150782.0
93262.0
91111.0
150782.0
93262.0
91111.0
91111.0
91111.0
91111.0
150782.0
150782.0
150782.0
150782.0
93262.0
93262.0
150782.0
93262.0
150782.0
91111.0
150782.0
91111.0
91111.0
91111.0
150782.0
93262.0
150782.0
91111.0
93262.0
93262.0
93262.0
93262.0
91111.0
91111.0
150782.0
38367.0
38367.0
38367.0
38367.0
38367.0
38367.0
38367.0
38367.0
38367.0
38367.0
38367.0
38367.0
38367.0
38367.0
38367.0
38367.0
38367.0
38367.0
38367.0
38367.0
38367.0
38367.0
38367.0
38367.0
38367.0
38367.0
38367.0
38367.0
38367.0
38367.0
38367.0
38367.0
38367.0
38367.0
38367.0
26163.0
26163.0
26163.0
26163.0
26163.0
26163.0
26163.0
26163.0
26163.0
26163.0
26163.0
24170.0
24170.0
24170.0
24170.0
24170.0
26163.0
26163.0
26163.0
26163.0
26163.0
26163.0
26163.0
26163.0
26163.0
26163.0
24170.0
24170.0
24170.0
24170.0
24170.0
24170.0
26163.0
26163.0
24170.0
24170.0
24170.0
26163.0
26163.0
24170.0
26163.0
24170.0
24170.0
24170.0
24170.0
26163.0
24170.0
26163.0
24170.0
24170.0
26163.0
26163.0
26163.0
24170.0
26163.0
24170.0
26163.0
24170.0
26163.0
26163.0
26163.0
26163.0
26163.0
24170.0
24170.0
117733.0
117733.0
117733.0
117733.0
117733.0
117733.0
117733.0
117733.0
117733.0
117733.0
117733.0
117733.0
117733.0
117733.0
117733.0
22060.0
22060.0
22060.0
54962.0
54962.0
22060.0
54962.0
22060.0
22060.0
54962.0
21787.0
22060.0
54962.0
21787.0
22060.0
21787.0
22060.0
54962.0
21787.0
21787.0
54962.0
21787.0
54962.0
21787.0
54962.0
54962.0
54962.0
22060.0
21787.0
54962.0
22060.0
54962.0
22060.0
22060.0
54962.0
22060.0
22060.0
54962.0
22060.0
54962.0
22060.0
54962.0
22060.0
54962.0
21787.0
21787.0
21787.0
21787.0
54962.0
54962.0
54962.0
54962.0
54962.0
54962.0
54962.0
54962.0
54962.0
22060.0
22060.0
22060.0
22060.0
22060.0
22060.0
22060.0
22060.0
22060.0
22060.0
22060.0
22060.0
22060.0
22060.0
22060.0
22060.0
22060.0
22060.0
22060.0
22060.0
22060.0
21787.0
21787.0
21787.0
22060.0
22060.0
54962.0
54962.0
54962.0
22060.0
21787.0
54962.0
54962.0
54962.0
54962.0
22060.0
54962.0
22060.0
22060.0
22060.0
80085.0
108226.0
136617.0
136617.0
108226.0
136617.0
136617.0
136617.0
136617.0
136617.0
136617.0
136617.0
136617.0
136617.0
136617.0
108226.0
136617.0
108226.0
136617.0
136617.0
108226.0
136617.0
108226.0
108226.0
108226.0
136617.0
136617.0
136617.0
136617.0
136617.0
136617.0
136617.0
108226.0
108226.0
136617.0
108226.0
136617.0
136617.0
108226.0
136617.0
136617.0
136617.0
136617.0
136617.0
136617.0
136617.0
136617.0
136617.0
108226.0
136617.0
136617.0
136617.0
136617.0
136617.0
136617.0
108226.0
136617.0
136617.0
136617.0
136617.0
136617.0
136617.0
136617.0
136617.0
136617.0
136617.0
136617.0
136617.0
136617.0
136617.0
136617.0
136617.0
136617.0
136617.0
136617.0
136617.0
136617.0
136617.0
108226.0
136617.0
108226.0
136617.0
108226.0
136617.0
136617.0
108226.0
136617.0
108226.0
136617.0
136617.0
136617.0
136617.0
108226.0
136617.0
136617.0
108226.0
108226.0
136617.0
108226.0
108226.0
136617.0
136617.0
108226.0
108226.0
136617.0
108226.0
136617.0
136617.0
136617.0
108226.0
136617.0
136617.0
108226.0
108226.0
108226.0
136617.0
108226.0
136617.0
108226.0
108226.0
108226.0
108226.0
136617.0
108226.0
136617.0
136617.0
136617.0
136617.0
108226.0
136617.0
136617.0
136617.0
136617.0
136617.0
108226.0
136617.0
108226.0
136617.0
108226.0
108226.0
136617.0
108226.0
136617.0
108226.0
136617.0
136617.0
108226.0
108226.0
18009.0
24170.0
26163.0
24170.0
26163.0
26163.0
26163.0
26163.0
26163.0
38367.0
18009.0
26163.0
26163.0
18009.0
26163.0
38367.0
26163.0
38367.0
18009.0
26163.0
38367.0
26163.0
38367.0
26163.0
38367.0
38367.0
26163.0
38367.0
38367.0
26163.0
38367.0
26163.0
26163.0
18009.0
24170.0
26163.0
26163.0
24170.0
26163.0
26163.0
24170.0
26163.0
24170.0
38367.0
38367.0
38367.0
26163.0
38367.0
18009.0
18009.0
18009.0
18009.0
24170.0
18009.0
24170.0
24170.0
18009.0
18009.0
18009.0
18009.0
18009.0
18009.0
18009.0
18009.0
18009.0
18009.0
18009.0
18009.0
18009.0
18009.0
18009.0
24170.0
38367.0
38367.0
18009.0
24170.0
26163.0
24170.0
26163.0
24170.0
38367.0
24170.0
26163.0
38367.0
38367.0
24170.0
18009.0
26163.0
38367.0
26163.0
26163.0
18009.0
18009.0
18009.0
18009.0
38367.0
38367.0
18009.0
26163.0
18009.0
18009.0
18009.0
38367.0
38367.0
18009.0
24170.0
26163.0
18009.0
26163.0
38367.0
18009.0
38367.0
38367.0
38367.0
38367.0
38367.0
38367.0
38367.0
117733.0
117733.0
117733.0
117733.0
117733.0
117733.0
117733.0
108226.0
108226.0
108226.0
108226.0
108226.0
108226.0
108226.0
21024.0
39152.0
21024.0
21024.0
21024.0
39152.0
21024.0
21024.0
21024.0
39152.0
39152.0
39152.0
39152.0
39152.0
39152.0
39152.0
39152.0
39152.0
39152.0
39152.0
39152.0
39152.0
39152.0
39152.0
39152.0
21024.0
39152.0
39152.0
21024.0
39152.0
21024.0
39152.0
21024.0
21024.0
21024.0
21024.0
21024.0
21024.0
21024.0
21024.0
21024.0
21024.0
21024.0
21024.0
21024.0
21024.0
21024.0
21024.0
21024.0
39152.0
21024.0
39152.0
21024.0
39152.0
21024.0
21024.0
21024.0
21024.0
21024.0
21024.0
39152.0
21024.0
21024.0
21024.0
21024.0
39152.0
39152.0
39152.0
39152.0
39152.0
21024.0
39152.0
39152.0
21024.0
21024.0
21024.0
39152.0
39152.0
39152.0
21024.0
21024.0
39152.0
39152.0
21024.0
21024.0
39152.0
21024.0
21024.0
39152.0
21024.0
39152.0
21024.0
21024.0
21024.0
21024.0
21024.0
21024.0
39152.0
21024.0
21024.0
21024.0
21024.0
39152.0
150782.0
0.0
58190.0
0.0
35283.0
261015.0
261015.0
261015.0
261015.0
261015.0
261015.0
261015.0
261015.0
261015.0
261015.0
261015.0
261015.0
261015.0
261015.0
261015.0
261015.0
261015.0
261015.0
261015.0
261015.0
261015.0
261015.0
261015.0
261015.0
261015.0
261015.0
261015.0
261015.0
261015.0
54626.0
54626.0
54626.0
54626.0
54626.0
54626.0
54626.0
261015.0
54626.0
261015.0
261015.0
54626.0
261015.0
261015.0
261015.0
261015.0
261015.0
54626.0
54626.0
261015.0
54626.0
261015.0
261015.0
261015.0
261015.0
261015.0
261015.0
261015.0
261015.0
261015.0
54626.0
261015.0
261015.0
261015.0
261015.0
261015.0
54626.0
261015.0
54626.0
261015.0
261015.0
261015.0
261015.0
261015.0
261015.0
261015.0
165486.0
262305.0
262305.0
165486.0
165486.0
165486.0
165486.0
165486.0
262305.0
262305.0
165486.0
165486.0
165486.0
165486.0
262305.0
262305.0
262305.0
262305.0
262305.0
262305.0
262305.0
262305.0
165486.0
165486.0
165486.0
262305.0
262305.0
165486.0
165486.0
165486.0
262305.0
262305.0
262305.0
262305.0
262305.0
165486.0
165486.0
165486.0
262305.0
165486.0
165486.0
165486.0
262305.0
165486.0
165486.0
262305.0
165486.0
165486.0
165486.0
262305.0
165486.0
165486.0
262305.0
165486.0
262305.0
165486.0
165486.0
262305.0
262305.0
165486.0
165486.0
262305.0
262305.0
165486.0
262305.0
262305.0
262305.0
262305.0
165486.0
262305.0
80085.0
80085.0
80085.0
80085.0
80085.0
80085.0
80085.0
80085.0
80085.0
80085.0
80085.0
80085.0
80085.0
80085.0
80085.0
80085.0
80085.0
80085.0
80085.0
80085.0
80085.0
80085.0
80085.0
80085.0
80085.0
30713.0
30713.0
30713.0
30713.0
30713.0
30713.0
30713.0
30713.0
30713.0
30713.0
30713.0
30713.0
30713.0
30713.0
30713.0
30713.0
30713.0
30713.0
30713.0
30713.0
30713.0
30713.0
30713.0
30713.0
30713.0
30713.0
30713.0
30713.0
30713.0
30713.0
30713.0
30713.0
30713.0
30713.0
30713.0
30713.0
30713.0
30713.0
30713.0
30713.0
30713.0
30713.0
30713.0
30713.0
30713.0
30713.0
30713.0
30713.0
30713.0
30713.0
30713.0
30713.0
30713.0
30713.0
30713.0
30713.0
30713.0
30713.0
30713.0
30713.0
30713.0
30713.0
30713.0
30713.0
30713.0
30713.0
30713.0
30713.0
30713.0
30713.0
30713.0
29528.0
21787.0
29528.0
21787.0
29528.0
29528.0
29528.0
29528.0
29528.0
29528.0
29528.0
29528.0
29528.0
29528.0
21787.0
21787.0
21787.0
21787.0
29528.0
29528.0
21787.0
29528.0
29528.0
21787.0
29528.0
29528.0
29528.0
29528.0
21787.0
29528.0
21787.0
29528.0
29528.0
29528.0
27826.0
27826.0
29528.0
27826.0
29528.0
27826.0
29528.0
27826.0
27826.0
27826.0
29528.0
29528.0
29528.0
29528.0
27826.0
29528.0
27826.0
27826.0
27826.0
21787.0
21787.0
29528.0
21787.0
29528.0
21787.0
29528.0
27826.0
21787.0
21787.0
21787.0
29528.0
29528.0
29528.0
29528.0
21787.0
29528.0
27826.0
27826.0
29528.0
29528.0
29528.0
27826.0
21787.0
29528.0
29528.0
74761.0
74761.0
42728.0
42728.0
74761.0
42728.0
74761.0
74761.0
74761.0
74761.0
42728.0
74761.0
42728.0
42728.0
42728.0
42728.0
42728.0
42728.0
42728.0
42728.0
42728.0
42728.0
42728.0
42728.0
42728.0
42728.0
74761.0
42728.0
74761.0
42728.0
74761.0
74761.0
74761.0
74761.0
74761.0
74761.0
74761.0
74761.0
74761.0
42728.0
42728.0
42728.0
42728.0
74761.0
74761.0
74761.0
74761.0
42728.0
74761.0
42728.0
74761.0
74761.0
74761.0
74761.0
42728.0
42728.0
42728.0
74761.0
42728.0
74761.0
74761.0
42728.0
42728.0
22011.0
22011.0
22011.0
22011.0
22011.0
22011.0
27826.0
27826.0
27826.0
27826.0
27826.0
22011.0
22011.0
22011.0
22011.0
22011.0
22011.0
22011.0
22011.0
22011.0
22011.0
22011.0
22011.0
22011.0
22011.0
22060.0
22011.0
22011.0
22011.0
22011.0
27826.0
22011.0
22011.0
22011.0
22011.0
22011.0
22011.0
22011.0
22011.0
22011.0
22011.0
22011.0
22011.0
22011.0
22011.0
22011.0
22011.0
27826.0
27826.0
27826.0
22011.0
22011.0
27826.0
27826.0
27826.0
22011.0
22011.0
27826.0
22011.0
27826.0
27826.0
22011.0
27826.0
22011.0
27826.0
22011.0
27826.0
27826.0
27826.0
27826.0
27826.0
27826.0
22011.0
27826.0
22011.0
22011.0
22011.0
22011.0
22011.0
22011.0
22011.0
22011.0
22011.0
22011.0
27826.0
22011.0
22011.0
27826.0
27826.0
27826.0
22011.0
22011.0
22011.0
27826.0
22011.0
22011.0
22011.0
22011.0
22011.0
22011.0
27826.0
22011.0
22011.0
22011.0
22011.0
22011.0
22011.0
22011.0
27826.0
27826.0
22011.0
22011.0
18946.0
18946.0
18946.0
18946.0
18946.0
18946.0
18946.0
18946.0
18946.0
18946.0
18946.0
18946.0
18946.0
18946.0
18946.0
18946.0
18946.0
18946.0
18946.0
18946.0
18946.0
18946.0
18946.0
18946.0
18946.0
18946.0
18946.0
63235.0
18946.0
63235.0
18946.0
18946.0
18946.0
63235.0
18946.0
18946.0
63235.0
63235.0
63235.0
18946.0
63235.0
63235.0
63235.0
63235.0
63235.0
18946.0
63235.0
63235.0
63235.0
18946.0
63235.0
63235.0
63235.0
18946.0
63235.0
63235.0
63235.0
63235.0
18946.0
63235.0
18946.0
63235.0
18946.0
18946.0
63235.0
63235.0
63235.0
18946.0
18946.0
63235.0
63235.0
63235.0
18946.0
63235.0
63235.0
18946.0
63235.0
63235.0
63235.0
63235.0
63235.0
63235.0
63235.0
63235.0
63235.0
63235.0
63235.0
63235.0
18946.0
63235.0
63235.0
18946.0
63235.0
18946.0
63235.0
63235.0
63235.0
18946.0
18946.0
18946.0
18946.0
18946.0
18946.0
63235.0
63235.0
18946.0
63235.0
18946.0
18946.0
18946.0
63235.0
18946.0
63235.0
18946.0
63235.0
18946.0
18946.0
18946.0
63235.0
63235.0
18946.0
63235.0
18946.0
63235.0
18946.0
18946.0
63235.0
63235.0
18946.0
18946.0
18946.0
18946.0
63235.0
63235.0
18946.0
18946.0
63235.0
63235.0
63235.0
18946.0
18946.0
63235.0
63235.0
18946.0
63235.0
63235.0
18946.0
46852.0
46852.0
46852.0
46852.0
46852.0
42728.0
74761.0
42728.0
46852.0
27154.0
46852.0
16884.0
27154.0
27154.0
27154.0
16884.0
27154.0
27154.0
16884.0
27154.0
27154.0
16884.0
16884.0
16884.0
56476.0
16884.0
16884.0
16884.0
65019.0
65019.0
65019.0
65019.0
108226.0
136617.0
136617.0
136617.0
136617.0
136617.0
136617.0
136617.0
136617.0
136617.0
136617.0
136617.0
136617.0
136617.0
136617.0
136617.0
136617.0
136617.0
136617.0
261015.0
261015.0
136617.0
108226.0
136617.0
261015.0
261015.0
136617.0
261015.0
261015.0
108226.0
261015.0
136617.0
136617.0
261015.0
261015.0
136617.0
136617.0
136617.0
136617.0
108226.0
136617.0
136617.0
261015.0
261015.0
136617.0
108226.0
136617.0
108226.0
136617.0
136617.0
136617.0
136617.0
136617.0
75593.0
75593.0
75593.0
75593.0
75593.0
69322.0
69322.0
69322.0
69322.0
69322.0
69322.0
69322.0
69322.0
79087.0
79087.0
79087.0
79087.0
79087.0
34240.0
34240.0
79087.0
34240.0
96678.0
96678.0
96678.0
96678.0
79087.0
79087.0
79087.0
79087.0
79087.0
79087.0
79087.0
79087.0
79087.0
79087.0
84717.0
96678.0
96678.0
96678.0
96678.0
96678.0
96678.0
96678.0
0.0
0.0
0.0
0.0
96678.0
0.0
15978.0
15978.0
15978.0
15978.0
34240.0
34240.0
34240.0
34240.0
17685.0
17685.0
17685.0
17685.0
167888.0
167888.0
167888.0
167888.0
167888.0
167888.0
167888.0
167888.0
167888.0
167888.0
167888.0
167888.0
167888.0
167888.0
167888.0
167888.0
167888.0
167888.0
167888.0
167888.0
167888.0
167888.0
167888.0
167888.0
167888.0
167888.0
167888.0
167888.0
167888.0
167888.0
156543.0
167888.0
167888.0
167888.0
167888.0
167888.0
156543.0
167888.0
156543.0
167888.0
167888.0
167888.0
167888.0
167888.0
167888.0
156543.0
156543.0
167888.0
156543.0
167888.0
167888.0
167888.0
167888.0
167888.0
167888.0
167888.0
167888.0
167888.0
167888.0
167888.0
167888.0
167888.0
167888.0
167888.0
167888.0
167888.0
167888.0
167888.0
167888.0
167888.0
167888.0
167888.0
167888.0
167888.0
167888.0
167888.0
167888.0
167888.0
167888.0
167888.0
167888.0
167888.0
167888.0
167888.0
167888.0
167888.0
167888.0
167888.0
167888.0
167888.0
167888.0
167888.0
167888.0
167888.0
167888.0
167888.0
167888.0
167888.0
156543.0
167888.0
156543.0
167888.0
156543.0
167888.0
167888.0
156543.0
167888.0
156543.0
167888.0
156543.0
167888.0
156543.0
167888.0
167888.0
167888.0
47187.0
167888.0
167888.0
167888.0
167888.0
167888.0
167888.0
167888.0
167888.0
167888.0
167888.0
167888.0
167888.0
167888.0
167888.0
167888.0
167888.0
167888.0
167888.0
167888.0
167888.0
167888.0
167888.0
167888.0
156543.0
167888.0
167888.0
167888.0
167888.0
167888.0
167888.0
167888.0
167888.0
167888.0
167888.0
0.0
167888.0
167888.0
167888.0
167888.0
167888.0
156543.0
0.0
0.0
167888.0
0.0
167888.0
0.0
167888.0
167888.0
167888.0
167888.0
167888.0
167888.0
167888.0
167888.0
0.0
167888.0
167888.0
167888.0
156543.0
167888.0
167888.0
156543.0
167888.0
156543.0
156543.0
167888.0
156543.0
167888.0
167888.0
167888.0
167888.0
167888.0
167888.0
47187.0
167888.0
167888.0
156543.0
167888.0
167888.0
167888.0
167888.0
167888.0
167888.0
167888.0
167888.0
167888.0
167888.0
167888.0
0.0
167888.0
167888.0
156543.0
156543.0
172933.0
156543.0
156543.0
156543.0
156543.0
156543.0
156543.0
156543.0
156543.0
156543.0
156543.0
172933.0
156543.0
156543.0
156543.0
156543.0
172933.0
172933.0
172933.0
172933.0
156543.0
172933.0
172933.0
156543.0
172933.0
172933.0
172933.0
172933.0
172933.0
156543.0
172933.0
156543.0
172933.0
156543.0
172933.0
156543.0
172933.0
172933.0
172933.0
156543.0
172933.0
228808.0
228808.0
228808.0
228808.0
105869.0
105869.0
105869.0
228808.0
105869.0
228808.0
228808.0
228808.0
167888.0
118216.0
165486.0
43154.0
43154.0
43154.0
43154.0
43154.0
21906.0
21906.0
21906.0
107034.0
162089.0
228808.0
228808.0
228808.0
228808.0
228808.0
228808.0
228808.0
228808.0
228808.0
228808.0
165486.0
261015.0
165486.0
261015.0
261015.0
165486.0
261015.0
261015.0
261015.0
261015.0
261015.0
261015.0
261015.0
261015.0
261015.0
165486.0
165486.0
262305.0
165486.0
261015.0
262305.0
152465.0
165486.0
261015.0
262305.0
152465.0
165486.0
262305.0
165486.0
165486.0
165486.0
261015.0
152465.0
165486.0
165486.0
261015.0
152465.0
165486.0
152465.0
165486.0
261015.0
165486.0
165486.0
261015.0
261015.0
261015.0
152465.0
261015.0
152465.0
262305.0
261015.0
152465.0
262305.0
261015.0
262305.0
261015.0
261015.0
261015.0
261015.0
261015.0
261015.0
261015.0
165486.0
261015.0
261015.0
261015.0
261015.0
261015.0
261015.0
261015.0
262305.0
262305.0
262305.0
261015.0
261015.0
261015.0
165486.0
261015.0
165486.0
165486.0
165486.0
165486.0
262305.0
262305.0
165486.0
261015.0
165486.0
261015.0
261015.0
261015.0
165486.0
261015.0
152465.0
262305.0
261015.0
261015.0
262305.0
165486.0
261015.0
165486.0
152465.0
261015.0
165486.0
165486.0
261015.0
261015.0
262305.0
261015.0
165486.0
165486.0
152465.0
165486.0
261015.0
262305.0
152465.0
261015.0
262305.0
261015.0
262305.0
262305.0
261015.0
261015.0
261015.0
152465.0
152465.0
152465.0
152465.0
152465.0
152465.0
152465.0
152465.0
152465.0
152465.0
152465.0
152465.0
152465.0
152465.0
152465.0
152465.0
152465.0
152465.0
152465.0
152465.0
152465.0
152465.0
152465.0
152465.0
152465.0
152465.0
152465.0
152465.0
152465.0
152465.0
152465.0
152465.0
152465.0
152465.0
152465.0
152465.0
152465.0
152465.0
152465.0
152465.0
152465.0
152465.0
152465.0
152465.0
261015.0
261015.0
261015.0
68114.0
261015.0
261015.0
261015.0
261015.0
261015.0
261015.0
261015.0
261015.0
261015.0
261015.0
261015.0
261015.0
261015.0
261015.0
261015.0
261015.0
261015.0
261015.0
261015.0
261015.0
261015.0
261015.0
261015.0
261015.0
261015.0
261015.0
261015.0
261015.0
261015.0
68114.0
112285.0
68114.0
261015.0
261015.0
261015.0
261015.0
261015.0
261015.0
261015.0
261015.0
261015.0
261015.0
261015.0
261015.0
261015.0
261015.0
261015.0
68114.0
261015.0
105869.0
154408.0
154408.0
154408.0
154408.0
105869.0
154408.0
105869.0
154408.0
115716.0
169249.0
169249.0
169249.0
169249.0
169249.0
169249.0
115716.0
115716.0
162089.0
162089.0
162089.0
162089.0
162089.0
115716.0
139483.0
112285.0
112285.0
112285.0
139483.0
112285.0
112285.0
112285.0
112285.0
112285.0
112285.0
139483.0
112285.0
112285.0
139483.0
112285.0
112285.0
112285.0
139483.0
112285.0
112285.0
112285.0
139483.0
112285.0
112285.0
112285.0
112285.0
112285.0
139483.0
112285.0
112285.0
112285.0
112285.0
112285.0
112285.0
112285.0
112285.0
139483.0
139483.0
112285.0
139483.0
112285.0
112285.0
112285.0
118603.0
112285.0
118603.0
112285.0
118603.0
118603.0
118603.0
118603.0
118603.0
118603.0
118603.0
112285.0
112285.0
112285.0
112285.0
112285.0
112285.0
118603.0
118603.0
118603.0
118603.0
118603.0
112285.0
118603.0
118603.0
118603.0
118603.0
112285.0
112285.0
139483.0
112285.0
118603.0
118603.0
118603.0
118603.0
139483.0
112285.0
118603.0
118603.0
118603.0
118603.0
118603.0
112285.0
118603.0
118603.0
112285.0
112285.0
118216.0
118603.0
118603.0
118603.0
118216.0
118603.0
118603.0
118603.0
118216.0
118216.0
118216.0
118603.0
118216.0
118216.0
118216.0
118603.0
118603.0
118603.0
118216.0
118603.0
118603.0
118603.0
118603.0
118216.0
118216.0
118603.0
118603.0
118603.0
118603.0
118603.0
118603.0
118603.0
118216.0
118216.0
118216.0
118216.0
139483.0
107034.0
107034.0
139483.0
107034.0
139483.0
107034.0
139483.0
107034.0
139483.0
107034.0
139483.0
48748.0
107034.0
107034.0
107034.0
107034.0
107034.0
107034.0
107034.0
107034.0
118216.0
107034.0
107034.0
107034.0
107034.0
107034.0
107034.0
107034.0
107034.0
118216.0
107034.0
107034.0
107034.0
107034.0
107034.0
118216.0
107034.0
107034.0
107034.0
107034.0
107034.0
107034.0
107034.0
107034.0
107034.0
139483.0
107034.0
107034.0
107034.0
107034.0
107034.0
118216.0
118216.0
107034.0
107034.0
107034.0
139483.0
107034.0
107034.0
48748.0
107034.0
48748.0
107034.0
107034.0
107034.0
107034.0
139483.0
107034.0
107034.0
107034.0
118216.0
48748.0
139483.0
107034.0
107034.0
107034.0
107034.0
107034.0
107034.0
139483.0
139483.0
139483.0
107034.0
48748.0
107034.0
139483.0
107034.0
118216.0
107034.0
107034.0
107034.0
107034.0
107034.0
107034.0
107034.0
107034.0
139483.0
107034.0
107034.0
107034.0
107034.0
107034.0
118216.0
107034.0
139483.0
107034.0
107034.0
139483.0
107034.0
107034.0
107034.0
107034.0
139483.0
107034.0
107034.0
162089.0
162089.0
139483.0
139483.0
162089.0
139483.0
139483.0
139483.0
162089.0
118216.0
118216.0
118216.0
118216.0
144360.0
144360.0
162089.0
162089.0
115716.0
144360.0
118216.0
118216.0
118603.0
118603.0
118603.0
118216.0
118216.0
162089.0
118603.0
118603.0
162089.0
0.0
48748.0
118216.0
118216.0
118216.0
48748.0
118216.0
118216.0
118216.0
118216.0
118216.0
118216.0
118216.0
144360.0
118216.0
118216.0
144360.0
144360.0
118216.0
118216.0
118216.0
144360.0
118216.0
118216.0
118216.0
118216.0
118216.0
144360.0
144360.0
118216.0
118216.0
118216.0
118216.0
118216.0
144360.0
118216.0
118216.0
144360.0
144360.0
118216.0
144360.0
118216.0
118216.0
118216.0
118216.0
118216.0
118216.0
118216.0
118216.0
68114.0
118603.0
118603.0
118603.0
118603.0
68114.0
118603.0
68114.0
118603.0
68114.0
68114.0
118603.0
118603.0
68114.0
68114.0
118603.0
68114.0
68114.0
68114.0
68114.0
68114.0
68114.0
144360.0
68114.0
144360.0
118603.0
118603.0
144360.0
144360.0
68114.0
68114.0
118603.0
118603.0
118603.0
118603.0
118603.0
118603.0
118603.0
68114.0
118603.0
68114.0
68114.0
68114.0
118603.0
118603.0
68114.0
68114.0
68114.0
68114.0
118603.0
68114.0
68114.0
118603.0
68114.0
68114.0
68114.0
118603.0
68114.0
118603.0
144360.0
68114.0
68114.0
118603.0
118603.0
68114.0
118603.0
118603.0
118603.0
68114.0
118603.0
68114.0
144360.0
144360.0
144360.0
144360.0
144360.0
144360.0
144360.0
144360.0
144360.0
144360.0
144360.0
36946.0
144360.0
144360.0
144360.0
36946.0
144360.0
144360.0
144360.0
144360.0
144360.0
144360.0
36946.0
36946.0
36946.0
36946.0
36946.0
36946.0
36946.0
36946.0
36946.0
36946.0
36946.0
144360.0
36946.0
36946.0
36946.0
36946.0
36946.0
36946.0
144360.0
144360.0
144360.0
144360.0
144360.0
144360.0
144360.0
36946.0
36946.0
36946.0
36946.0
36946.0
36946.0
36946.0
36946.0
36946.0
36946.0
36946.0
36946.0
36946.0
36946.0
36946.0
36946.0
36946.0
36946.0
36946.0
36946.0
36946.0
36946.0
36946.0
36946.0
36946.0
36946.0
36946.0
36946.0
36946.0
36946.0
36946.0
36946.0
36946.0
36946.0
36946.0
36946.0
36946.0
36946.0
36946.0
36946.0
36946.0
36946.0
36946.0
36946.0
36946.0
36946.0
36946.0
36946.0
144360.0
36946.0
144360.0
42830.0
144360.0
144360.0
144360.0
36946.0
144360.0
36946.0
36946.0
36946.0
36946.0
36946.0
144360.0
36946.0
36946.0
36946.0
144360.0
36946.0
36946.0
36946.0
36946.0
36946.0
144360.0
36946.0
36946.0
36946.0
36946.0
36946.0
36946.0
36946.0
36946.0
36946.0
36946.0
36946.0
36946.0
42830.0
42830.0
68114.0
68114.0
68114.0
68114.0
42830.0
42830.0
68114.0
68114.0
68114.0
68114.0
68114.0
68114.0
261015.0
261015.0
261015.0
261015.0
68114.0
261015.0
261015.0
261015.0
261015.0
261015.0
261015.0
261015.0
261015.0
261015.0
261015.0
261015.0
261015.0
261015.0
261015.0
261015.0
261015.0
261015.0
261015.0
261015.0
108226.0
108226.0
108226.0
108226.0
261015.0
261015.0
261015.0
68114.0
68114.0
261015.0
108226.0
261015.0
68114.0
108226.0
108226.0
261015.0
261015.0
55465.0
40457.0
30713.0
30713.0
30713.0
30713.0
30713.0
40457.0
40457.0
30713.0
30713.0
40457.0
30713.0
30713.0
30713.0
40457.0
40457.0
30713.0
30713.0
40457.0
30713.0
40457.0
30713.0
30713.0
30713.0
40457.0
30713.0
30713.0
40457.0
30713.0
40457.0
30713.0
40457.0
30713.0
40457.0
40457.0
30713.0
40457.0
30713.0
40457.0
30713.0
30713.0
40457.0
30713.0
30713.0
55465.0
30713.0
30713.0
30713.0
30713.0
30713.0
30713.0
30713.0
30713.0
40457.0
30713.0
30713.0
30713.0
30713.0
30713.0
30713.0
30713.0
30713.0
30713.0
40457.0
30713.0
40457.0
40457.0
40457.0
40457.0
30713.0
30713.0
40457.0
30713.0
40457.0
30713.0
40457.0
30713.0
30713.0
55465.0
55465.0
55465.0
55465.0
55465.0
55465.0
55465.0
55465.0
55465.0
55465.0
55465.0
55465.0
55465.0
55465.0
55465.0
55465.0
55465.0
55465.0
55465.0
55465.0
55465.0
55465.0
55465.0
55465.0
55465.0
55465.0
55465.0
55465.0
55465.0
55465.0
55465.0
55465.0
55465.0
55465.0
55465.0
55465.0
55465.0
55465.0
55465.0
55465.0
55465.0
18256.0
18256.0
18256.0
55465.0
55465.0
55465.0
55465.0
55465.0
55465.0
55465.0
55465.0
55465.0
55465.0
40457.0
40457.0
15058.0
40457.0
40457.0
40457.0
40457.0
18256.0
40457.0
18256.0
40457.0
40457.0
40457.0
40457.0
40457.0
107034.0
18256.0
18256.0
18256.0
18256.0
15594.0
36792.0
15058.0
15594.0
34500.0
15058.0
15594.0
36792.0
36792.0
36792.0
36792.0
36792.0
36792.0
36792.0
36792.0
36792.0
36792.0
36792.0
36792.0
36792.0
36792.0
36792.0
36792.0
36792.0
36792.0
36792.0
36792.0
36792.0
36792.0
36792.0
36792.0
27485.0
47030.0
27485.0
47030.0
27485.0
47030.0
27485.0
47030.0
27485.0
47030.0
27485.0
27485.0
27485.0
27485.0
27485.0
27485.0
27485.0
27485.0
27485.0
27485.0
27485.0
47030.0
27485.0
47030.0
47030.0
27485.0
47030.0
27485.0
47030.0
47030.0
47030.0
47030.0
47030.0
47030.0
47030.0
27485.0
47030.0
27485.0
27485.0
47030.0
27485.0
27485.0
27485.0
27485.0
47030.0
27485.0
27485.0
27485.0
27485.0
27485.0
47030.0
47030.0
47030.0
47030.0
47030.0
27485.0
47030.0
47030.0
27485.0
47030.0
27485.0
27485.0
27485.0
47030.0
27485.0
47030.0
27485.0
47030.0
27485.0
47030.0
27485.0
47030.0
47030.0
27485.0
27485.0
47030.0
47030.0
27485.0
47030.0
47030.0
47030.0
47030.0
27485.0
27485.0
27485.0
47030.0
27485.0
27485.0
28671.0
22060.0
28671.0
28671.0
28671.0
28671.0
28671.0
28671.0
28671.0
28671.0
28671.0
28671.0
28671.0
28671.0
28671.0
28671.0
28671.0
28671.0
28671.0
28671.0
28671.0
28671.0
28671.0
28671.0
28671.0
28671.0
28671.0
28671.0
28671.0
28671.0
28671.0
28671.0
28671.0
28671.0
28671.0
28671.0
28671.0
28671.0
28671.0
28671.0
28671.0
28671.0
28671.0
28671.0
28671.0
28671.0
28671.0
28671.0
28671.0
28671.0
28671.0
28671.0
28671.0
28671.0
28671.0
28671.0
28671.0
28671.0
28671.0
28671.0
28671.0
28671.0
28671.0
28671.0
28671.0
28671.0
28671.0
28671.0
28671.0
28671.0
28671.0
28671.0
28671.0
28671.0
28671.0
28671.0
28671.0
28671.0
28671.0
28671.0
28671.0
28671.0
28671.0
28671.0
28671.0
28671.0
28671.0
28671.0
28671.0
28671.0
22060.0
28671.0
28671.0
28671.0
18946.0
36792.0
36792.0
36792.0
25788.0
25788.0
25788.0
25788.0
25788.0
25788.0
25788.0
25788.0
25788.0
25788.0
25788.0
25788.0
25788.0
25788.0
25788.0
25788.0
25788.0
25788.0
25788.0
25788.0
25788.0
25788.0
25788.0
25788.0
18946.0
25788.0
25788.0
25788.0
25788.0
25788.0
31964.0
25788.0
25788.0
25788.0
25788.0
25788.0
25788.0
25788.0
25788.0
25788.0
25788.0
25788.0
25788.0
25788.0
25788.0
31964.0
25788.0
25788.0
25788.0
31964.0
31964.0
31964.0
25788.0
31964.0
31964.0
31964.0
31964.0
31964.0
31964.0
31964.0
31964.0
36792.0
25788.0
25788.0
25788.0
25788.0
18946.0
18946.0
36792.0
36792.0
36792.0
36792.0
36792.0
36792.0
36792.0
36792.0
36792.0
36792.0
36792.0
36792.0
36792.0
36792.0
36792.0
36792.0
36792.0
36792.0
36792.0
25788.0
25788.0
25788.0
25788.0
36792.0
25788.0
31964.0
18946.0
31964.0
25788.0
25788.0
25788.0
18946.0
18946.0
25788.0
18946.0
18946.0
18946.0
18946.0
25788.0
25788.0
25788.0
18946.0
25788.0
25788.0
25788.0
25788.0
25788.0
25788.0
25788.0
25788.0
25788.0
25788.0
25788.0
25788.0
25788.0
25788.0
25788.0
25788.0
16005.0
25788.0
25788.0
16005.0
16005.0
16005.0
16005.0
16005.0
36792.0
16005.0
36792.0
36792.0
16005.0
36792.0
16005.0
36792.0
16005.0
36792.0
16005.0
16005.0
16005.0
16005.0
19068.0
19068.0
17323.0
17323.0
19068.0
19068.0
19068.0
19068.0
19068.0
19068.0
19068.0
19068.0
19068.0
19068.0
19068.0
19068.0
19068.0
10092.0
10092.0
10092.0
10092.0
10092.0
10092.0
10092.0
10092.0
10092.0
10092.0
10092.0
10092.0
10092.0
10092.0
10092.0
10092.0
10092.0
10092.0
10092.0
10092.0
10092.0
10092.0
10092.0
22067.0
22067.0
10092.0
10092.0
10092.0
10092.0
10092.0
10092.0
22067.0
22067.0
22067.0
22067.0
22067.0
22067.0
25103.0
17323.0
17323.0
17323.0
17323.0
31964.0
31964.0
31964.0
31964.0
31964.0
31964.0
31964.0
31964.0
31964.0
31964.0
31964.0
31964.0
31964.0
31964.0
25103.0
31964.0
25103.0
31964.0
31964.0
25103.0
25103.0
25103.0
25103.0
25103.0
25103.0
25103.0
25103.0
25103.0
25103.0
25103.0
25103.0
25103.0
25103.0
25103.0
25103.0
25103.0
25103.0
25103.0
25103.0
25103.0
25103.0
25103.0
25103.0
25103.0
25103.0
18712.0
18712.0
18712.0
18712.0
18712.0
18712.0
18712.0
18712.0
18712.0
18712.0
18712.0
18712.0
18712.0
18712.0
18712.0
18712.0
18712.0
18712.0
18712.0
18712.0
18712.0
18712.0
18712.0
18712.0
18712.0
18712.0
18712.0
25103.0
18712.0
18712.0
31964.0
25103.0
25103.0
18712.0
18712.0
18712.0
18712.0
25103.0
31964.0
18712.0
18712.0
18712.0
61269.0
31964.0
18712.0
137862.0
137862.0
137862.0
137862.0
137862.0
137862.0
137862.0
61269.0
61269.0
61269.0
61269.0
0.0
144360.0
0.0
0.0
54290.0
54290.0
54290.0
54290.0
17245.0
17245.0
14249.0
17245.0
14249.0
14249.0
17245.0
17245.0
17245.0
14249.0
14249.0
17245.0
17323.0
17245.0
17245.0
54290.0
17323.0
54290.0
54290.0
54290.0
54290.0
54290.0
58190.0
58190.0
14249.0
14249.0
14249.0
58190.0
0.0
58190.0
58190.0
58190.0
58190.0
58190.0
18712.0
80717.0
80717.0
80717.0
80717.0
22570.0
22570.0
22570.0
17740.0
22570.0
17740.0
17740.0
22570.0
22570.0
17740.0
13690.0
13690.0
13690.0
13690.0
13690.0
13690.0
13690.0
13690.0
13690.0
13690.0
13690.0
13690.0
13690.0
13690.0
46852.0
46852.0
46852.0
46852.0
46852.0
46852.0
46852.0
46852.0
46852.0
46852.0
46852.0
46852.0
46852.0
46852.0
46852.0
46852.0
46852.0
46852.0
46852.0
46852.0
46852.0
46852.0
46852.0
46852.0
46852.0
46852.0
66167.0
46852.0
66167.0
46852.0
66167.0
46852.0
66167.0
46852.0
46852.0
66167.0
46852.0
46852.0
46852.0
46852.0
46852.0
46852.0
46852.0
46852.0
46852.0
46852.0
46852.0
46852.0
66167.0
46852.0
46852.0
46852.0
27154.0
27154.0
27154.0
56593.0
27154.0
27154.0
56593.0
27154.0
27154.0
56593.0
27154.0
56593.0
27154.0
56593.0
27154.0
27154.0
56593.0
16884.0
16884.0
16884.0
16884.0
16884.0
16884.0
56593.0
16884.0
56593.0
27154.0
27154.0
16884.0
27154.0
27154.0
27154.0
27154.0
27154.0
27154.0
27154.0
27154.0
27154.0
56593.0
16884.0
27154.0
16884.0
27154.0
16884.0
16884.0
27154.0
16884.0
27154.0
27154.0
27154.0
56593.0
56593.0
56593.0
56593.0
56593.0
56593.0
56593.0
56593.0
56593.0
56593.0
56593.0
56593.0
56593.0
56593.0
56593.0
56593.0
56593.0
56593.0
56593.0
56593.0
17740.0
17740.0
17740.0
18216.0
47187.0
47187.0
47187.0
47187.0
47187.0
47187.0
47187.0
47187.0
47187.0
47187.0
47187.0
47187.0
47187.0
47187.0
47187.0
47187.0
47187.0
47187.0
47187.0
47187.0
47187.0
47187.0
47187.0
47187.0
47187.0
47187.0
47187.0
47187.0
47187.0
47187.0
47187.0
47187.0
47187.0
47187.0
47187.0
47187.0
47187.0
47187.0
47187.0
47187.0
47187.0
47187.0
47187.0
47187.0
47187.0
47187.0
47187.0
47187.0
47187.0
47187.0
47187.0
47187.0
47187.0
47187.0
47187.0
47187.0
47187.0
47187.0
47187.0
47187.0
47187.0
47187.0
47187.0
47187.0
47187.0
47187.0
47187.0
47187.0
47187.0
47187.0
47187.0
47187.0
118216.0
108226.0
108226.0
108226.0
108226.0
108226.0
108226.0
108226.0
108226.0
108226.0
108226.0
108226.0
108226.0
108226.0
144360.0
136617.0
112285.0
42830.0
42830.0
42830.0
42830.0
42830.0
118603.0
144360.0
118216.0
68114.0
261015.0
144360.0
63235.0
35283.0
54626.0
105869.0
36946.0
27154.0
27154.0
43154.0
22570.0
17245.0
58190.0
0.0
0.0
172933.0
0.0
107034.0
36946.0
0.0
0.0
107034.0
107034.0
154079.0
150782.0
172933.0
117733.0
24170.0
93262.0
26163.0
22060.0
22060.0
18009.0
39152.0
39152.0
54626.0
165486.0
74761.0
18946.0
56476.0
167888.0
167888.0
261015.0
162089.0
107034.0
107034.0
48748.0
144360.0
68114.0
144360.0
68114.0
261015.0
40457.0
40457.0
15594.0
26879.0
34500.0
31964.0
18946.0
43154.0
261015.0
40457.0
