elevation
0.022647034
12.502329
12.464282
12.442692
12.453013
12.427584
12.392999
12.354651
12.315318
12.364452
12.385344
12.2702
12.293073
10.806405
10.8229265
11.499432
10.81333
11.469291
12.06195
10.778596
11.443311
12.056921
11.835606
10.855053
12.0491
11.768793
10.791728
11.981301
11.092442
11.748826
10.845652
11.436442
11.153649
11.723897
11.40925
11.137305
11.712446
11.513932
10.84635
11.374803
10.959443
11.658183
12.0592165
10.9742365
11.633875
11.022646
11.971261
11.681854
11.93445
11.883961
11.86731
11.133723
11.043095
11.847071
11.806654
11.75264
11.705193
11.6397085
11.46102
11.395224
11.342439
11.237716
11.292477
11.246692
11.20278
11.634354
11.243554
11.2525215
11.132833
10.919121
11.288637
11.833576
11.183155
10.988885
11.867123
11.187847
11.691019
11.934084
11.050952
11.91072
11.261308
11.685008
11.952488
11.230211
11.715806
10.740914
12.049533
11.812612
10.939433
11.976506
12.060886
11.357867
11.7259035
12.016866
11.399675
11.874088
11.715157
11.42731
11.439298
11.861663
11.894381
12.132876
11.144379
11.890415
11.935266
11.603156
11.626938
10.745282
11.906526
11.941304
11.8918705
10.794486
11.740163
11.120865
11.97873
10.85205
11.52138
11.659338
11.919101
11.171029
12.063056
11.635637
11.66792
11.336933
11.686215
11.2173
11.993113
12.110014
10.912692
11.995483
11.960796
12.019204
11.985146
12.053501
11.366846
11.978738
11.052172
12.1633835
12.009314
11.868954
11.969095
11.972146
11.6578865
11.15322
12.079333
11.651122
11.6014185
11.382195
11.997899
11.21234
11.893611
11.487012
9.4631605
9.746158
9.700858
10.286124
10.772461
10.121271
8.964267
9.842148
8.807497
8.727366
7.8316526
8.817476
9.045774
9.143851
8.464443
8.882011
8.0797825
8.547864
8.848859
7.2332797
8.503733
8.918203
6.237764
5.046896
7.722376
12.26393
11.200328
11.136389
11.380091
11.669815
11.120484
4.877359
11.495102
9.327983
5.335177
9.180722
10.687112
10.629384
10.691009
12.102201
10.619319
12.066224
10.555136
10.504928
10.406047
11.942218
10.321263
11.879205
10.151048
11.833139
11.752002
11.083207
10.046946
11.43077
11.063253
9.8426075
11.013665
9.699501
11.686548
11.241236
10.948322
9.532671
11.908922
10.8794565
9.319135
11.006362
10.754959
9.212678
8.184915
10.822843
10.602465
9.215906
11.092138
10.260614
10.985351
10.805753
9.991301
10.986656
10.660006
9.941252
10.535557
9.774334
10.526112
8.2721405
10.201558
10.071217
9.923106
8.022428
8.719021
8.886274
10.788386
8.751518
8.625437
8.528602
8.549838
8.535474
8.140679
8.44481
8.369369
10.087085
11.928139
10.313317
10.5343685
11.883272
12.369776
11.745747
11.966175
12.0661545
10.6674385
9.778815
8.310855
11.675275
8.751966
12.005875
10.742214
9.971818
12.3401165
11.759562
11.862986
12.3539295
12.333242
12.16491
11.170541
9.547192
12.0591
9.018998
8.932163
8.741134
8.614035
8.62513
8.564537
8.500638
8.287042
8.340555
8.228478
8.190903
8.108417
8.126091
8.02227
9.743839
9.789267
8.393391
7.854075
7.9154024
8.383362
6.9387
7.931215
7.8326693
7.620716
7.4828725
7.3051076
7.178934
7.1369066
6.9234633
6.8663225
6.751815
6.6762156
7.0777216
7.0617466
6.8417397
6.771377
6.58689
6.4681473
6.312223
6.171876
6.0247207
5.9580255
7.70821
7.463499
5.903095
6.5907407
6.4251766
7.651467
7.9248633
7.411984
6.3057013
4.9830823
2.132833
2.329462
2.3816056
4.0293403
2.9444308
3.1603875
3.3724632
3.6793582
2.4647968
2.6613894
2.916763
3.3451688
1.8780797
3.0742066
2.1327405
1.1457733
5.8430142
5.306857
3.8700137
2.9944618
5.488739
5.0458612
1.1743503
2.373777
5.279799
3.049277
3.7704232
3.6173766
8.269451
7.472536
6.198459
6.8591347
5.292698
5.1137524
6.2688313
5.564534
4.341701
4.4998465
8.179307
7.8739915
7.853783
7.8993893
7.9013085
7.968169
8.2896185
8.021682
8.294557
8.0140085
8.356089
8.199342
8.352487
8.421282
8.472526
8.440889
8.551347
8.494776
8.601069
8.722915
8.790596
8.850673
8.883101
8.967274
9.04332
9.122795
9.244364
10.147573
9.340575
10.744898
9.832459
10.128613
9.021981
9.329427
9.052366
9.151247
9.363232
9.192754
9.386746
9.22394
9.410703
9.297464
9.433299
9.3783
9.392774
9.434061
9.464449
9.486255
9.502265
9.516714
9.513164
9.492298
9.47585
9.493836
9.566139
9.582136
9.590581
9.186206
9.565115
9.58737
9.577724
9.661644
9.630399
9.565888
9.6630125
9.669542
9.674486
9.696683
9.699854
9.699553
9.705602
9.66861
9.607793
9.615768
9.602944
9.658142
9.545411
8.1933975
8.776756
8.40666
9.54265
9.574105
9.6511755
8.730148
8.601311
9.1600065
9.586667
7.835571
8.880407
9.2388735
9.150653
9.259395
9.252477
9.13171
9.244852
9.63646
9.397314
9.476059
9.645983
9.5719385
8.842571
9.168492
2.7061834
2.8147948
8.551312
6.0524726
3.0385678
2.9854255
0.533234
0.5853727
1.4473196
2.60291
7.4966736
8.777308
5.8527775
3.277203
5.940646
8.614042
7.3637247
5.8328834
7.2433047
8.541932
8.271384
8.172251
6.305274
8.268268
6.2514215
6.1219597
8.059971
5.1870847
3.5425584
7.023887
7.956239
6.024271
5.797004
8.313173
7.1090584
6.6011133
0.14306735
0.7837816
4.0667243
4.35415
4.809313
3.9987836
3.0000002
3.6328187
4.3883266
3.2243037
2.6903539
3.687735
2.1813462
2.2247317
1.5334458
1.5877565
8.971098
11.021366
11.98478
9.304272
9.35262
3.7348478
3.3157575
7.400289
1.4456062
11.879046
8.290895
7.8919334
12.138439
