income
58190.0
22011.0
22011.0
22011.0
22011.0
22011.0
22011.0
22011.0
22011.0
22011.0
22011.0
22011.0
22011.0
18946.0
18946.0
18946.0
18946.0
18946.0
18946.0
18946.0
18946.0
18946.0
18946.0
18946.0
18946.0
18946.0
18946.0
18946.0
18946.0
18946.0
18946.0
18946.0
18946.0
18946.0
18946.0
18946.0
18946.0
18946.0
18946.0
18946.0
63235.0
18946.0
18946.0
63235.0
18946.0
63235.0
18946.0
18946.0
63235.0
63235.0
63235.0
18946.0
63235.0
63235.0
63235.0
63235.0
63235.0
18946.0
63235.0
63235.0
63235.0
18946.0
63235.0
63235.0
63235.0
18946.0
63235.0
63235.0
63235.0
18946.0
63235.0
18946.0
63235.0
18946.0
18946.0
63235.0
63235.0
63235.0
18946.0
18946.0
63235.0
63235.0
18946.0
63235.0
63235.0
18946.0
63235.0
63235.0
63235.0
63235.0
63235.0
63235.0
63235.0
63235.0
63235.0
63235.0
63235.0
18946.0
63235.0
63235.0
63235.0
18946.0
63235.0
63235.0
63235.0
18946.0
18946.0
18946.0
18946.0
18946.0
63235.0
18946.0
18946.0
18946.0
63235.0
18946.0
18946.0
63235.0
63235.0
18946.0
63235.0
18946.0
63235.0
18946.0
18946.0
63235.0
18946.0
18946.0
63235.0
18946.0
63235.0
18946.0
18946.0
63235.0
63235.0
18946.0
18946.0
18946.0
18946.0
63235.0
63235.0
18946.0
18946.0
63235.0
63235.0
63235.0
18946.0
18946.0
63235.0
63235.0
18946.0
18946.0
46852.0
46852.0
46852.0
46852.0
42728.0
46852.0
27154.0
46852.0
27154.0
16884.0
16884.0
27154.0
27154.0
27154.0
27154.0
27154.0
16884.0
16884.0
56476.0
16884.0
16884.0
16884.0
65019.0
65019.0
65019.0
27826.0
42728.0
63235.0
63235.0
18946.0
63235.0
43154.0
63235.0
16884.0
65019.0
16884.0
18946.0
18946.0
25788.0
25788.0
25788.0
25788.0
25788.0
25788.0
25788.0
25788.0
25788.0
25788.0
25788.0
25788.0
25788.0
25788.0
25788.0
25788.0
25788.0
25788.0
25788.0
25788.0
25788.0
25788.0
25788.0
25788.0
18946.0
25788.0
25788.0
25788.0
25788.0
25788.0
31964.0
25788.0
25788.0
25788.0
25788.0
25788.0
25788.0
25788.0
25788.0
25788.0
25788.0
25788.0
25788.0
25788.0
25788.0
31964.0
25788.0
25788.0
25788.0
31964.0
31964.0
31964.0
25788.0
31964.0
31964.0
31964.0
31964.0
31964.0
31964.0
31964.0
31964.0
25788.0
25788.0
25788.0
25788.0
18946.0
18946.0
25788.0
25788.0
25788.0
25788.0
25788.0
31964.0
18946.0
31964.0
25788.0
25788.0
25788.0
18946.0
18946.0
25788.0
18946.0
18946.0
18946.0
25788.0
25788.0
18946.0
25788.0
25788.0
25788.0
25788.0
25788.0
25788.0
25788.0
25788.0
25788.0
25788.0
25788.0
25788.0
25788.0
25788.0
25788.0
25788.0
25788.0
25788.0
16005.0
16005.0
16005.0
10092.0
10092.0
10092.0
10092.0
10092.0
10092.0
10092.0
10092.0
10092.0
10092.0
10092.0
10092.0
10092.0
10092.0
10092.0
10092.0
10092.0
10092.0
10092.0
10092.0
10092.0
10092.0
10092.0
10092.0
10092.0
10092.0
10092.0
10092.0
10092.0
22067.0
22067.0
19068.0
19068.0
19068.0
19068.0
19068.0
19068.0
19068.0
19068.0
19068.0
19068.0
19068.0
16005.0
16005.0
16005.0
16005.0
16005.0
16005.0
16005.0
16005.0
16005.0
16005.0
16005.0
19068.0
19068.0
17323.0
17323.0
19068.0
19068.0
17323.0
17323.0
17323.0
17323.0
22067.0
22067.0
22067.0
22067.0
22067.0
22067.0
31964.0
31964.0
31964.0
31964.0
31964.0
31964.0
31964.0
31964.0
31964.0
31964.0
31964.0
31964.0
31964.0
31964.0
25103.0
31964.0
25103.0
31964.0
31964.0
25103.0
25103.0
25103.0
25103.0
25103.0
25103.0
25103.0
25103.0
137862.0
137862.0
137862.0
137862.0
137862.0
25103.0
25103.0
25103.0
25103.0
25103.0
25103.0
25103.0
25103.0
25103.0
25103.0
25103.0
25103.0
25103.0
25103.0
25103.0
25103.0
25103.0
25103.0
18712.0
18712.0
18712.0
18712.0
18712.0
18712.0
18712.0
18712.0
18712.0
18712.0
18712.0
18712.0
18712.0
18712.0
18712.0
18712.0
18712.0
18712.0
18712.0
18712.0
18712.0
18712.0
18712.0
18712.0
18712.0
18712.0
25103.0
31964.0
25103.0
25103.0
18712.0
18712.0
18712.0
25103.0
31964.0
18712.0
61269.0
31964.0
25103.0
18712.0
18712.0
18712.0
18712.0
18712.0
18712.0
18712.0
61269.0
61269.0
61269.0
61269.0
137862.0
137862.0
54290.0
54290.0
17245.0
17245.0
54290.0
54290.0
54290.0
17323.0
17323.0
54290.0
54290.0
54290.0
54290.0
54290.0
17245.0
17245.0
17245.0
14249.0
14249.0
14249.0
17245.0
14249.0
17245.0
17245.0
17245.0
14249.0
18712.0
58190.0
58190.0
58190.0
58190.0
58190.0
14249.0
14249.0
14249.0
58190.0
0.0
58190.0
58190.0
80717.0
80717.0
80717.0
80717.0
22570.0
22570.0
22570.0
22570.0
22570.0
13690.0
13690.0
13690.0
13690.0
25788.0
63235.0
18946.0
27154.0
27154.0
22570.0
22570.0
17245.0
58190.0
18946.0
56476.0
31964.0
18946.0
